479168 908584 2726854 3755614 2129834 
94988 502458 1160484 2356676 3755614 2129834 
94988 384180 908584 370178 3236440 2875850 2129834 
94988 384180 118278 1160484 2356676 879764 2875850 2129834 
94988 384180 118278 790306 370178 2356676 879764 2875850 2129834 
94988 384180 118278 790306 370178 2356676 879764 2875850 585022 1544812 
0 94988 0 384180 118278 790306 370178 2356676 879764 2875850 585022 
0 94988 585022 1544812 384180 118278 790306 370178 0 2356676 879764 2875850 
0 94988 2875850 585022 1544812 384180 118278 0 790306 370178 2356676 0 879764 
0 94988 0 2875850 585022 1544812 384180 0 118278 790306 370178 0 2356676 879764 
0 94988 384180 0 118278 0 0 370178 2356676 0 879764 2875850 0 585022 0 
0 94988 0 384180 118278 0 790306 370178 0 2356676 0 879764 2875850 0 585022 1544812 
0 94988 0 384180 0 118278 790306 0 370178 0 2356676 879764 0 2875850 0 585022 1544812 
0 94988 0 384180 0 118278 0 790306 370178 0 2356676 0 879764 0 2875850 0 585022 1544812 
0 94988 0 384180 0 118278 0 790306 0 370178 0 2356676 0 879764 0 2875850 0 585022 1544812